-1545259120
454066779
-1169574272
773947800
172941030
-1439747945
1104036560
-2108013922
-6201891
204196794
-660578709
-326232893
940074218
-2000414180
-888206580
-1910041087
1019282214
446009922
-116680084
766015648
997279383
-1548581463
1204063867
1313187375
-1716182317
102669725
-430778274
-1510726830
-1693749835
762118843
1870930467
103541916
1629787424
472953646
1051725243
336988632
-908921076
1168188964
131639498
-1212206511
219480000
38381761
-1787631764
-457778742
1067280778
1528781490
-2061903576
504030392
1305857643
1333645934
1862989910
-1182198386
-395975601
-410290564
-1771725915
1626362946
-111337995
1129780467
-419562624
394180809
1823284884
1489292051
-2093669218
-943188434
-2031005448
-1546070422
-1147979583
436445844
1528460107
1490884117
-396852525
-1114148905
210067932
1144754967
302940523
906271176
162674552
-403937749
-192863534
-1384488036
-2077403838
2034487486
1174320646
808782095
1181121970
-1971825836
-348415257
-407385009
550150272
-415115736
11760132
2001080497
-518680301
1206534925
1058048907
1114246355
1199559996
-1636531962
1222686776
-1391228993
1872664963
-1680989098
526051568
697045439
-103758069
-110973023
-1899818037
-992479524
-968638750
-2053155774
-122270342
-383642273
996656102
1105187509
696930847
-190567538
-581322595
-1459134598
207458124
1362101422
-925909809
-1427516337
-631225895
-1669269628
550350360
346502598
892141845
-1254309694
1909567315
-1099494605
-252910451
-1598536300
-2098772027
2122603733
371058496
805938463
1944997901
500839117
9528450
-2045674639
-1141758659
-126412371
1202807720
-733358406
1793018165
996979524
-1278293770
-2106825708
1080358294
-1827930514
-2101765010
1031344766
116920567
867367906
1705317601
-1319359995
119965974
481911594
105059490
552991041
988528169
-1575421951
1635377082
-759305181
674534685
346074054
826470113
1568717
2016628211
-566647709
664019435
-529456856
-816142578
1111834008
1665681553
1810507097
464858815
1911178678
1345275347
-1258888899
-983879569
585157957
-2010398698
1282299164
-1118572119
-20916334
52826216
214113204
-1261735309
-508337090
1642218322
-934579489
1588634979
-1429745106
1912270992
-1898817661
-381698600
1462242949
2091843357
-1590713996
1838740923
872007406
-1764977651
666382574
745627948
-377237600
80269869
-2069886033
661999825
203497955
1001661964
-1571458856
7616482
415140616
-1295728904
-1352218695
779202881
-474746417
1556947644
-595370143
1543041750
-1049297803
1823286238
1124310253
-957017785
1603075190
-294316213
-5012562
435097120
-1089667111
-730321641
1418391025
1310611399
-388579070
-1356345746
340046264
566301086
1795930775
1956107515
1670039057
246706600
1523218203
-971450341
1938499671
-128205509
-572437383
1384151184
-1955129116
-1500801756
962847476
1727132210
1906070133
-724704800
1935890422
-2085171197
339481010
1949153535
-704608877
43608444
650806424
-563069851
1380040728
-845715378
1043508411
544367662
795493219
891232135
-411258510
1070032881
-1725114480
1618495207
1352522469
-1395541280
-6965736
2036360126
-1109078112
-1544638383
-1498207817
-153043685
537036537
-765714174
1797733597
882716219
1394385346
-228457923
101557843
-1949756738
-503897947
-1503965172
-1467048100
1925893349
-42758348
272434150
862986513
1847382794
-1428775824
-1360945069
-1721419343
-139372503
-604349033
1071925496
1574323869
1500567128
-1755243950
-1897320004
1478703863
2129089757
-461749000
1185491626
-1358794157
-1905499681
1620212375
-537310215
-66275682
977873058
-783031954
1132713801
-582710510
-1881902533
-1433892812
1150795603
635701826
853218873
2036371243
2146099702
181187846
-1285790743
1097880749
-87428319
-1536568029
-1871065806
1389811589
-1845319096
-421657808
1658547037
-93952672
-419266950
-1559734721
-1526024961
-1377439636
2055969347
1884336709
768798177
1810139524
-1287243812
673349649
2086121158
1001673871
749880163
-1525855308
686995548
1743910850
1474716685
579357247
358596205
-1450101629
-1025056675
1348365536
1922363760
-734734562
-1026030503
1500932053
1735348364
486186438
-751304297
1022689546
-1255554300
1419206486
-1391452893
-683917180
-1723401664
1818185313
-472915492
657433251
-1482864977
462848215
230882441
1793500992
-1806795263
-1313001806
-68197046
-1697435959
-618717533
-1206655856
-1841012208
199209723
-174321015
-1409385668
-1126215218
794801560
1135975137
-1612972297
-886786651
-1797613407
931673179
-542236347
128517223
641952938
-253221899
1750560033
-1608458978
622812969
729660677
1952836052
727982613
-1686882766
-922714682
-798297873
1838409753
314866164
1854922572
-944443511
-1384101024
-575309552
-1410335585
-833809793
-1978866149
-472507099
-936573398
455698374
1848446755
914820308
1076722109
350002676
-409656309
603420542
85156824
-1271538968
1173051854
-111443071
1130436307
1239432144
-1537673196
2043976245
47202857
7668210
-539593956
-200857937
1386764736
1146960491
-451683839
-842950350
-483847460
1334420330
2131436069
-1961351954
-769282798
-936051422
-694770654
1315984706
-557133195
-1467612672
-1955011204
-2107091754
1092634660
-543302767
2094167128
-1844426864
-927480352
-1281249528
570156679
-473740719
820681999
2100908545
1020822256
1139962617
1808017483
1521724464
1271434531
1345324649
-1041100786
913578894
-759085933
-1367197373
1245691370
107629670
1289470278
-965614388
-1433486118
1187362428
-1530345666
-780171464
-1045573721
1945411256
451074879
985621258
967587079
272333340
-1962190192
1884852811
-1335413360
185352701
-445449553
64990386
926128781
-377508541
856757046
1566828626
1484469468
-125441599
1119900411
2103316523
-1666770207
672572546
-1419228733
-833848477
-1499266468
-492447449
1944064141
-623086884
-84204453
-1454878800
-599592322
298194695
-902130006
292531238
345747893
1392921574
1677037710
-1179431223
805689229
-1396844149
704579214
-1651022557
1421927421
-1471464829
1098243699
-1471470764
1147668934
-121565679
274324767
848074443
-1278705513
1651500335
541791635
-1440147780
-998506287
-1685326883
1607826691
2143236285
-1891914660
1554925454
946220960
1331878847
-280366117
339212881
914948650
1318535817
1756497821
959464217
127997722
1638743749
-2114906227
-1419446531
1506255908
572311522
-805453884
1507937491
-1114424111
37686867
1259186090
239318825
-1376496782
-1709822220
828760535
-501089839
-1210396995
1175951108
-926003970
910584707
134425525
-1119342287
-1901990866
-2023174604
152332842
1432561914
1241742480
2106630809
-1003231009
-2124439799
708619486
-251138007
556282981
365487217
-401108255
-1351019326
981597256
-1932169094
148407595
1627164811
-1239571752
1476725274
-173585964
2030618616
601540382
1664767607
-1960446290
-1497344698
1336820454
-640135949
289778878
1220425825
1679469821
-492837711
393518156
-2094149154
1754075879
294260834
-1602798591
-1656339444
-568137928
-739293908
-53690623
1362245366
1030730029
1949698531
-1947244143
-1742861796
-1841880179
-874685380
-162540142
-171107804
-1334235230
1574576326
1758991327
1904959767
-1845591186
-2002484289
-502113860
-13950277
1440489102
238419656
748498652
738581300
-1696282929
-914607158
1866666856
571233244
-1092216578
-2069674107
-1030064526
986543324
-1622585456
1232686742
-1288512563
1036415364
1121522827
249036642
-1997854659
436273081
234313111
-540781303
-466809732
-678719099
-642457489
1010280827
1289567367
-2116933473
2044057486
1045216543
-577732821
1777571849
-704288561
544196380
-1338460648
-1895827999
275099658
-916127282
86806831
-269544547
1409921006
739972988
-1860931744
461631719
574015547
743280075
-305033568
1488750795
-1328779830
-1387498994
-1176997047
-173337049
-1932972354
-1908088345
403867175
-630754260
-1297314850
-1713744917
-681185629
-1444938332
-168053171
1981778726
1171490374
-2126199302
-120478009
-141427812
-1788894329
309116706
-735383503
-2110157724
1791805313
389338868
798982927
-358873329
-1884920752
-2085310471
-759467277
2074192945
1752646744
-1847609687
-867781763
963464249
317832938
1934772824
1023405820
-408277689
74973064
-1672154924
-1234564805
-96082851
-494813452
-797141880
-132101031
1423629300
-1849017926
-40904338
-236416413
-1920983872
87689597
560546004
-812258361
1384802099
5675906
1125387414
1989572012
-1741792714
1077452457
-1694886310
-2082271323
797988569
1594660422
662588461
1156735183
1088840022
108998152
1309650835
-1467673185
398335221
-52296856
-550232293
-1316046234
-1850751206
752732074
-1399496666
1579363123
1381124704
2015619814
131910586
1863390262
-1969817702
569351040
200483977
-1309424644
1033549070
594087392
30022901
-1279955201
-582838741
387578320
273130892
1580671041
-1807051306
611897251
162662293
-375798417
-1894413778
-1409665340
-211326145
1353945843
1386110491
-1437004486
730380952
138153897
-100193740
-1478184008
1886844552
-680169971
336219241
-1025756352
-1349446817
-612390108
606384789
-489561254
-60595036
328896075
1911535502
336170316
1076715955
-2097090232
-730566370
13368365
-1658955003
775697576
1904785093
-375762553
-679255611
-1814385694
-1385162911
143706886
-1610017415
-1251348959
829384146
1983492411
1095034202
1875978455
1200174282
-382064086
361739879
1935372339
2013226330
-613978036
-145328562
-1798513279
-1564281094
-501044975
1884616920
1093993222
223389629
-1681679332
-1844055589
-2042922799
-643289127
-1134671225
319983174
-2014255796
1910619052
-172914708
-459856577
-593444379
1295267697
32908634
2049512514
-980253788
-1265164589
926188213
-1616441453
-1503985317
-1545181048
2125057492
1011298908
1092429317
2143057700
-1414756909
283646763
-271454473
1555954998
-659007711
843625606
1259516232
-1685763239
248571867
17229506
-1233676825
-650130981
758834400
-1899084253
458278718
340786697
492325260
-233211218
649640494
-2064013343
-1029741136
-91475880
-1708268124
1288026936
-2065607897
1233590488
477181879
-1492217315
900925317
1959805533
-1781672497
30984257
232152308
938559766
-1871420117
-2024238163
-1158524333
981050503
-2103585475
1333927677
-1216854594
154797252
1984113883
-1772782233
-1612468774
1250754893
627995568
690277208
1491760918
749959985
-1292479750
569145916
1824756012
-1843495144
802735998
1723223806
1119075732
504945110
1205563513
-415880717
-1238990048
-1123603988
2125830946
-776845402
913766863
-1346928259
-262118615
1382583237
340461279
-441374762
-814316793
324685050
910934114
30529961
2132871028
-1277669828
571918942
-2103906494
-263205242
-2133966638
-2014866333
-121423215
879956617
1351930335
107156955
125646684
403264786
2005899256
-532114997
-1797228465
617318678
-968018626
965163471
934796218
-1472360874
-299044968
1012377392
-1389453012
-1342063801
1295343394
1704224596
-2066332443
1760032851
620930975
997110989
326563034
760855512
145621075
-1861021010
-1726137344
1599606869
64601815
-846419868
-807651215
-1756389413
1433909807
493214157
1838222761
90015863
717117887
939575840
-1531618623
1230681485
1747113309
-75302460
-1734996138
1519010812
1397005133
-155440380
-119517319
727821185
6531857
-447752520
1695842717
1156830475
-877288673
105285570
2068070035
1603430447
1613556323
-43318242
1581668150
280778534
-588706145
2086333580
-1103244016
-2080398590
-2030198878
262321948
